Name: GrandPiano
Author: YAMAHA
0b,01,0f,07,00,06,0f,27,00,01,08,07,0e,03,02,03,02,28,00,05,00,00,0d,01,01,04,03,22,01,01,00,06,0d,02,02,06,04,00,01,01,00

Name: E.Piano
Author: YAMAHA
0d,54,0f,04,05,0c,0b,23,44,07,12,02,0f,02,01,08,0f,04,45,01,00,25,0f,00,01,0b,01,12,44,01,00,04,0f,02,01,07,0f,04,41,01,00

Name: TenorSax
Author: YAMAHA
0d,36,07,03,00,00,00,05,44,01,01,00,07,02,00,09,00,0f,43,01,08,36,07,03,00,00,00,08,44,01,09,02,07,02,00,09,00,0d,43,01,00

Name: PickBass
Author: YAMAHA
0b,56,0f,07,02,03,01,13,44,01,00,04,0c,0b,04,06,07,15,44,07,00,06,0f,09,02,06,02,17,44,02,00,04,0b,02,06,08,06,00,44,01,00

Name: TnklBell
Author: YAMAHA
0d,31,0f,06,03,04,05,10,44,0e,00,02,0c,06,07,06,0e,0b,44,02,00,00,0c,06,02,02,05,1e,44,77,01,00,0f,05,04,05,0d,01,54,06,00

Name: NewAgePd
Author: YAMAHA
0d,54,0f,0f,03,03,00,26,44,07,01,02,0f,07,04,04,00,0b,44,05,00,62,06,01,00,01,00,18,03,71,01,02,08,01,00,05,01,00,03,01,00

Name: Rim Shot
Author: YAMAHA
0d,7c,0f,00,05,05,00,05,44,0c,02,0c,0f,07,07,07,07,00,44,0b,00,08,0f,0a,06,06,08,00,44,0c,00,08,0f,07,07,07,07,00,44,07,02

Name: Castanet
Author: YAMAHA
0d,68,0f,07,05,09,0f,02,44,07,01,0c,0a,08,05,0f,0f,00,44,05,06,08,0f,05,06,05,00,27,44,02,05,08,0c,0a,09,09,0a,14,44,05,00

Name: BrightPiano
Author: YAMAHA
0b,06,0f,02,02,02,05,27,00,01,00,02,0f,02,02,03,0f,1c,00,05,00,06,0f,02,02,02,0d,19,01,01,00,04,0f,02,01,05,04,0a,01,01,00

Name: Vibes
Author: YAMAHA
0d,00,0c,04,02,04,02,17,41,07,00,06,0d,09,02,05,06,07,51,04,00,04,0c,04,02,03,02,1e,51,08,00,00,0d,02,03,04,0f,07,31,01,00

Name: ChurchOrgan
Author: YAMAHA
0f,02,09,0f,00,05,00,13,00,03,00,00,0b,07,00,02,02,1d,00,07,00,02,08,0f,00,05,00,04,00,01,00,02,08,07,00,05,00,04,00,00,05

Name: Flute
Author: YAMAHA
0d,70,0d,0a,00,01,01,07,10,03,00,00,07,08,00,0b,03,25,01,03,00,70,0e,08,00,09,00,27,31,01,00,00,06,05,00,0a,00,01,11,01,10

Name: RockOrgan
Author: YAMAHA
17,41,0f,0f,00,0d,00,09,70,31,00,01,0b,0f,00,0a,01,05,50,01,15,00,0f,0f,00,0e,00,09,13,62,00,00,0f,0f,00,0e,00,09,33,70,11

Name: NylonGuiter
Author: YAMAHA
15,65,0e,01,01,04,08,15,00,01,00,00,0f,03,03,07,0f,00,01,01,00,04,0b,05,05,05,04,0e,00,03,00,02,0d,04,04,09,0f,0d,03,01,00

Name: SquareLead
Author: YAMAHA
15,03,0f,0f,00,07,04,2e,00,01,08,02,0a,0f,00,0a,00,03,03,01,08,13,0f,0f,00,02,03,26,10,02,08,02,0a,0f,00,0a,00,03,01,01,08

Name: SawLead
Author: YAMAHA
15,70,0f,00,00,07,00,1a,41,71,00,00,0d,0f,00,07,00,0a,41,71,08,71,0f,0f,00,03,00,14,41,01,1c,00,0e,0f,00,08,00,0a,41,01,08

Name: Harpsichord
Author: YAMAHA
0e,45,0e,02,02,05,00,00,00,01,04,07,0f,02,00,05,03,14,00,06,03,06,0f,03,00,01,06,1c,00,07,04,04,0e,02,02,07,0f,04,03,01,05

Name: Harmonica
Author: YAMAHA
14,03,0f,0f,00,09,00,2c,07,0e,00,00,0f,0f,00,08,00,29,11,0a,00,00,0f,0f,00,08,00,24,03,01,00,02,06,0f,00,08,00,03,01,02,00

